2063
2214
2490
2279
2565
2076
2228
2287
2299
2471
2259
2400
2251
2379
2547
2505
2208
2395
2357
2625
2187
2145
2128
2434
2282
2409
2411
2579
2528
2408
2474
2355
2133
2119
2163
2227
2335
2337
2307
2349
2205
2290
2493
2321
1938
2020
2331
2280
2288
2398
2474
2373
2318
2373
1935
2147
2438
2352
2396
2389
2436
2561
2280
2459
2467
2164
2257
2404
2384
2247
2570
2572
2197
2463
2216
2323
2779
2246
2414
2497
2255
2257
2320
2319
2156
2209
2379
2299
2572
2256
2296
2470
2331
2258
2200
2156
2591
2614
2537
2150
2136
2191
2540
2361
2627
2162
2263
2101
2228
2689
2521
2547
2606
2337
2509
2566
2187
2597
2312
2550
2409
2537
2294
2385
2367
2296
2500
2681
2697
2391
2409
2564
2362
2153
2308
2162
2207
2481
2539
2274
2313
2455
2736
2790
2154
2131
2387
2080
2347
2367
2749
2374
2343
2328
2121
2093
2449
2292
2730
2352
2479
2538
2430
2468
2621
2225
2348
2280
2368
2396
2488
2375
2286
2596
2201
2252
2714
2283
2549
2841
2199
2413
2527
2493
2279
2236
2543
2307
2600
2327
2362
2561
2310
2373
2235
2202
2708
2791
2439
2346
2369
2357
2772
2564
2596
2351
2458
2534
2505
2728
2632
2854
2418
2628
2720
2768
2374
2641
2254
2540
2549
2434
2517
2530
2612
2411
2810
2796
2761
2503
2589
2842
2305
2246
2425
2520
2624
2653
2500
2593
2401
2651
2890
2687
2302
2348
2761
2628
2488
2622
2635
2700
2341
2721
2303
2391
2615
2498
2819
2448
2553
2727
2489
2681
2637
2438
2256
2544
2560
2684
2753
2781
2374
2627
2530
2543
3065
2359
2621
2812
2574
2406
2509
2520
2238
2384
2706
2373
2785
2510
2731
2602
2437
2461
2254
2353
2620
2719
2745
2465
2234
2310
2599
2450
2601
2215
2525
2655
2464
2740
2583
2370
2357
2623
2683
2624
2232
2706
2400
2622
2387
2478
2516
2746
2463
2343
2704
2801
2772
2562
2755
2633
2286
2274
2292
2396
2517
2688
2622
2459
2481
2416
2541
2944
2299
2250
2456
2353
2464
2548
2789
2475
2477
2456
2142
2244
2538
2664
2499
2541
2464
2613
2582
2474
2499
2581
2396
2607
2503
2610
2601
2603
2338
2666
2451
2483
2826
2437
2519
2743
2508
2536
2349
2398
2153
2392
2648
2471
2804
2603
2601
2771
2659
2420
2200
2375
2630
2783
2804
2300
1950
2050
2340
2389
2421
2018
2128
2122
2078
2331
2409
2046
2295
2214
2316
2373
2167
2315
1955
2175
2171
2101
1965
2287
2119
2228
2371
2237
2634
2261
2312
2203
2031
1894
2029
1987
1949
2276
2091
2050
1969
2219
2489
2391
2022
1990
2287
1980
2189
2310
2412
2187
2095
2080
1848
2010
2359
2089
2309
2188
2236
2223
2125
2418
2177
2117
2186
2164
2163
2226
2338
2124
2000
2192
2040
2137
2516
1980
2096
2402
2258
2154
2060
2400
1893
2145
2385
2152
2383
2158
2348
2374
2077
2098
2054
1977
2237
2268
2378
1974
2617
2910
3241
3201
3180
2870
2798
2986
2845
3330
3074
2992
3104
3060
3114
3131
2822
3001
2684
2892
3042
3035
2874
3070
2892
2778
3069
3172
3357
2815
2971
3213
2753
2735
2797
2867
2632
3180
3010
2847
2836
3058
3124
3142
2670
2789
3068
2591
2921
3062
3163
2971
2829
2908
2592
2581
3228
2802
3194
3142
3248
3132
3160
3166
3080
2736
3011
3075
2986
3073
3199
3118
2934
3061
2961
2813
3494
2748
3024
3281
3222
2828
3126
3131
2760
2859
3085
3031
3255
2981
3110
3029
3142
2908
2729
2879
3127
3308
3057
2553
2183
2354
2781
2598
2706
2392
2414
2511
2591
2834
2810
2566
2457
2552
2771
3114
2456
2761
2499
2869
2596
2660
2465
2666
2323
2491
2915
2721
2989
2808
2545
2886
2619
2294
2515
2336
2713
2831
2692
2578
2591
2656
2757
2893
2411
2519
2477
2488
2611
2780
2841
2553
2533
2476
2340
2175
2575
2625
2767
2727
2499
2643
2561
2821
2735
2268
2429
2635
2605
2783
2671
2770
2501
2965
2589
2574
2896
2552
2775
2976
2632
2601
2611
2885
2381
2601
2803
2407
2694
2429
2607
2883
2424
2786
2458
2398
2753
2880
2587
2596
2091
2248
2426
2431
2675
2269
2388
2279
2256
2411
2740
2414
2443
2476
2721
2528
2119
2381
2250
2502
2508
2629
2383
2456
2208
2109
2546
2472
2748
2423
2431
2643
2146
2165
2002
2212
2348
2444
2529
2653
2137
2535
2588
2491
2127
2212
2348
2377
2450
2557
2647
2397
2310
2260
2174
2091
2511
2439
2757
2772
2605
2455
2457
2491
2547
2190
2279
2396
2331
2316
2625
2387
2632
2614
2430
2381
2836
2250
2558
2730
2567
2311
2410
2546
2390
2463
2423
2515
2569
2347
2540
2498
2492
2462
2271
2353
2580
2846
2428
2264
2070
2303
2709
2524
2677
2340
2363
2310
2420
2461
2588
2494
2461
2336
2667
2697
2212
2608
2247
2771
2527
2669
2314
2571
2429
2322
2551
2618
2732
2430
2612
2633
2265
2172
2256
2298
2259
2477
2516
2676
2404
2377
2808
2661
2328
2225
2458
2362
2457
2654
2692
2409
2376
2571
2201
2181
2553
2489
2603
2451
2421
2658
2431
2331
2532
2360
2250
2556
2533
2441
2681
2612
2511
2581
2488
2477
2955
2406
2645
2810
2444
2458
2672
2445
2459
2218
2443
2345
2625
2475
2512
2507
2411
2615
2229
2306
2595
2757
2385
2279
1960
2163
2593
2467
2735
2245
2352
2320
2341
2404
2632
2470
2500
2492
2566
2413
2023
2500
2270
2425
2600
2143
2423
2394
2412
2098
2579
2616
2698
2343
2487
2539
2131
2016
2066
2119
2281
2389
2341
2307
2087
2478
2490
2304
2050
2042
2524
2211
2427
2223
2482
2379
2201
2324
2162
2040
2666
2426
2391
2440
2373
2380
2464
2231
2512
2296
2256
2351
2502
2291
2408
2331
2126
2531
2353
2321
2843
2169
2386
2345
2343
2266
2341
2239
2230
2346
2370
2324
2780
2344
2483
2383
2592
2113
2377
2297
2154
2635
2507
2110
2057
2168
2533
2504
2199
2238
2298
2234
2232
2521
2483
2376
2299
2203
2388
2386
2029
2366
2188
2499
2215
2536
2192
2312
2409
2147
2381
2524
2552
2168
2217
2625
2289
2173
2049
1963
2129
2509
2272
2393
2250
2387
2638
2520
2226
2142
2357
2267
2368
2412
2537
2476
2246
2278
2097
2197
2477
2349
2552
2449
2432
2462
2371
2390
2529
2255
2138
2452
2232
2491
2501
2392
2389
2520
2256
2281
2595
2262
2524
2510
2469
2378
2633
2489
2243
2197
2439
2219
2551
2216
2482
2492
2212
2386
2195
2361
2445
2808
2285
2124
2509
2616
2731
2804
2827
2636
2650
2535
2626
2893
2971
2887
2824
2929
2755
2934
2623
2700
2485
2779
2860
2850
2575
2795
2671
2415
3005
3105
3071
2831
2826
3050
2503
2309
2441
2618
2534
3105
2777
2896
2649
2674
2845
3094
2561
2632
2922
2524
2873
2905
3078
2774
2502
2691
2415
2368
3050
2621
2952
2848
2764
2988
2864
2864
2868
2545
2749
2938
2832
2870
2994
2809
2755
2923
2924
2569
3185
2596
2882
3219
2787
2646
2744
2908
2582
2668
2866
2637
2953
2687
2842
2792
2821
2616
2597
2532
2827
3140
2871
2443
2398
2427
2802
2728
2852
2621
2443
2635
2639
2848
2747
2691
2746
2595
2808
2951
2669
2639
2551
2725
2647
2651
2436
2737
2724
2636
2962
2813
3097
2801
2806
2700
2455
2435
2438
2382
2682
2733
2540
2569
2502
2525
2873
2552
2501
2487
2762
2599
2437
2616
2860
2739
2448
2847
2192
2180
2926
2463
2689
2635
2572
2808
2636
2574
2796
2549
2442
2709
2616
2631
3046
2634
2594
2742
2658
2691
3171
2462
2624
2896
2772
2603
2561
2681
2420
2522
2681
2544
2952
2476
2770
2887
2755
2509
2535
2282
2711
2931
2846
2444
2746
2595
2885
2612
3032
2442
2612
2587
2765
2831
2939
2782
2829
2616
2645
2849
2579
2752
2531
2656
2668
2869
2499
2822
2589
2572
2935
2859
2986
2942
2988
2987
2310
2389
2418
2445
2480
2952
2617
2921
2616
2729
2874
3020
2505
2550
2971
2737
2601
2873
2954
2868
2675
2665
2369
2456
2821
2739
2742
2902
2600
2877
2753
2788
2862
2519
2558
3000
2804
2926
3044
2779
2697
2998
2758
2736
3114
2366
2704
3081
2789
2698
2654
2664
2674
2605
2654
2500
2880
2656
2841
2860
2748
2745
2532
2600
2834
3079
2710
2511
2673
2703
3209
3049
3078
2755
2730
2820
3014
3154
3033
2983
2726
2894
2901
3102
2787
3037
2590
2992
2878
2771
2823
2867
2782
2837
3233
3099
3355
2962
2971
3184
2802
2586
2777
2512
2993
3211
2781
3044
2677
2959
3142
3126
2533
2706
2997
2659
2858
3014
2887
2781
2785
2836
2476
2648
3224
2759
3114
2853
2870
3100
3013
2973
2909
2616
2866
3035
2923
3101
3324
3168
2558
3136
2973
2770
3510
2816
2997
3237
2943
2888
2903
3045
2676
2862
3113
2679
2947
2960
3029
3149
2809
3050
2606
2611
3032
3068
3123
2784
2209
2369
2515
2195
2736
2453
2326
2258
2322
2386
2568
2501
2347
2480
2470
2750
2307
2588
2130
2563
2209
2438
2428
2307
2535
2313
2538
2540
2720
2551
2478
2566
2324
2216
2458
2126
2349
2615
2463
2546
2395
2586
2623
2735
2431
2355
2310
2403
2621
2497
2643
2391
2315
2482
2199
2171
2533
2303
2645
2293
2364
2593
2444
2398
2633
2313
2264
2405
2512
2470
2669
2577
2504
2684
2173
2410
2630
2304
2546
2932
2611
2563
2406
2551
2134
2305
2595
2228
2665
2271
2503
2750
2228
2549
2200
2226
2634
2679
2617
2439
2292
2516
2713
2604
2776
2399
2537
2574
2652
2690
2733
2667
2666
2517
2709
3034
2541
2762
2302
2676
2613
2698
2483
2678
2674
2437
2687
2824
2875
2547
2735
2866
2559
2330
2543
2307
2542
2819
2735
2950
2630
2694
2931
2919
2574
2399
2717
2583
2592
2675
2787
2521
2416
2590
2286
2282
2871
2582
2854
2670
2528
2474
2650
2585
2664
2369
2372
2731
2690
2680
3032
2705
2607
2918
2645
2550
3128
2556
2575
3007
2750
2686
2734
2776
2499
2753
2736
2447
2634
2548
2693
2831
2744
2739
2361
2416
2863
2806
2641
2518
2195
2609
2889
2746
2940
2309
2521
2522
2591
2910
2684
2811
2787
2786
2821
2748
2563
2688
2200
2733
2758
2556
2616
2798
2672
2499
2765
2932
3021
2674
2624
2944
2410
2323
2521
2409
2413
2723
2740
2768
2374
2509
2728
2940
2553
2461
2578
2394
2720
2843
2896
2519
2672
2529
2472
2216
2729
2680
2865
2675
2618
2781
2610
2775
2738
2299
2624
2661
2592
2727
2945
2629
2739
2761
2522
2568
3012
2625
2850
3031
2649
2499
2856
2735
2536
2738
2706
2515
2913
2512
2856
2795
2836
2670
2512
2608
2675
3094
2561
2464
1954
2190
2617
2304
2323
1952
2227
2303
2257
2348
2411
2085
2163
2295
2355
2619
2134
2287
2084
2601
2183
2251
2079
2397
2130
2096
2415
2309
2494
2407
2327
2421
2224
2140
2230
1991
2274
2556
2393
2361
2328
2252
2428
2435
2072
1992
2418
2239
2242
2356
2443
2294
2207
2149
1966
2067
2498
2470
2357
2410
2236
2140
2287
2580
2171
1986
2020
2285
2316
2273
2498
2365
2131
2486
2401
2257
2601
2179
2374
2566
2220
2323
2371
2544
2071
2120
2272
2187
2369
2209
2334
2697
2283
2251
1995
2247
2398
2453
2422
2140
2452
2388
2774
2643
3073
2390
2744
2443
2755
2882
3014
2691
2713
2860
3075
2917
2597
2706
2546
2930
2623
2740
2525
2985
2723
2766
3012
2857
3259
2689
2900
2880
2446
2394
2529
2385
2563
2826
2684
2630
2421
2664
2779
2785
2546
2310
2778
2552
2574
2787
3106
2563
2544
2675
2457
2373
2927
2859
2846
2878
2759
2835
2590
2771
2742
2585
2440
2806
2536
2729
2962
2945
2726
2874
2756
2406
3145
2527
2748
2796
2618
2691
2611
2823
2681
2649
2853
2581
2893
2828
2776
2728
2855
2663
2670
2598
2954
2920
2867
2417
2179
2211
2616
2358
2737
2399
2256
2314
2270
2691
2571
2541
2625
2334
2710
2702
2406
2577
2418
2673
2173
2528
2302
2496
2384
2323
2696
2553
2813
2447
2537
2788
2146
2038
2381
2419
2502
2519
2384
2356
2396
2524
2682
2453
2331
2392
2540
2377
2517
2540
2633
2509
2409
2365
2012
2202
2609
2396
2689
2680
2560
2515
2351
2479
2547
2348
2101
2484
2590
2403
2632
2749
2456
2766
2660
2433
2901
2329
2530
2688
2553
2536
2431
2648
2325
2419
2508
2430
2563
2513
2547
2618
2452
2598
2327
2355
2680
2689
2611
2313
2259
2503
2925
2615
2664
2359
2460
2456
2471
2788
2718
2463
2652
2544
2820
2867
2563
2507
2377
2712
2601
2754
2446
2643
2473
2483
2626
2554
2998
2578
2641
2556
2290
2317
2570
2326
2575
2627
2723
2490
2335
2622
2792
2813
2356
2341
2516
2521
2471
2796
2779
2318
2293
2529
2315
2119
2809
2481
2778
2541
2637
2762
2548
2606
2592
2430
2521
2588
2478
2788
2794
2649
2418
2729
2389
2532
3146
2430
2611
2921
2741
2488
2570
2755
2461
2503
2751
2476
2877
2405
2667
2734
2461
2615
2130
2353
2719
2679
2704
2514
1960
2077
2497
2311
2610
2199
2198
2279
2362
2458
2517
2501
2249
2559
2595
2457
2064
2423
2208
2606
2359
2410
2261
2350
2200
2100
2525
2595
2561
2502
2579
2560
2190
2164
2136
2091
2441
2407
2666
2201
2070
2315
2366
2421
2247
2130
2349
2168
2355
2520
2627
2505
2350
2364
2116
1964
2465
2478
2665
2647
2416
2418
2340
2247
2355
2213
2218
2117
2352
2094
2411
2395
2179
2454
2449
2240
2669
2386
2436
2666
2146
2329
2313
2486
2072
2316
2490
2373
2647
2353
2321
2374
2500
2296
2076
2224
2257
2682
2560
2168
2129
2319
2663
2419
2646
2257
2284
2465
2297
2572
2299
2420
2367
2376
2324
2442
2277
2425
2142
2340
2465
2455
2068
2476
2281
2345
2276
2519
2497
2388
2338
2665
2145
2134
2368
1844
2404
2488
2366
2436
2205
2363
2551
2622
2240
2314
2548
2260
2199
2557
2549
2444
2399
2267
2199
2064
2747
2384
2608
2358
2364
2482
2314
2474
2421
2153
2217
2479
2469
2176
2467
2552
2283
2585
2404
2309
2727
2269
2284
2757
2392
2465
2499
2556
2196
2153
2432
2192
2383
2434
2301
2562
2470
2405
2146
2359
2439
2624
2536
2211
2177
2242
2846
2505
2557
2345
2416
2501
2267
2500
2508
2598
2443
2542
2480
2624
2082
2595
2171
2659
2617
2524
2479
2560
2417
2289
2470
2547
2677
2317
2397
2674
2341
2196
2382
2089
2348
2431
2577
2323
2379
2508
2660
2676
2220
2392
2659
2476
2414
2488
2694
2481
2284
2451
2164
2081
2560
2532
2638
2422
2656
2395
2490
2416
2501
2332
2183
2421
2463
2495
2519
2499
2230
2643
2416
2583
2887
2347
2677
2777
2300
2419
2572
2647
2107
2372
2571
2382
2662
2290
2617
2589
2550
2376
2214
2423
2524
2715
2524
2409
2118
2360
2721
2506
2434
2221
2390
2351
2387
2484
2553
2457
2430
2305
2532
2718
2393
2361
2154
2442
2413
2488
2275
2328
2438
2255
2440
2507
2748
2290
2365
2705
2289
2289
2324
2327
2411
2590
2480
2417
2382
2240
2695
2592
2311
2210
2401
2353
2237
2620
2679
2243
2225
2514
2073
1967
2601
2431
2592
2413
2650
2559
2610
2361
2593
2303
2341
2471
2456
2376
2598
2636
2342
2498
2333
2207
2931
2371
2337
2626
2463
2304
2620
2552
2388
2261
2395
2438
2598
2340
2658
2587
2538
2595
2033
2398
2286
2626
2541
2316
2164
2197
2475
2461
2628
2169
2240
2358
2320
2440
2339
2378
2316
2285
2497
2383
2135
2251
2158
2306
2440
2221
2107
2203
2293
2331
2484
2675
2568
2517
2576
2553
2079
2132
2150
2100
2207
2470
2208
2255
2156
2520
2486
2317
2140
2089
2389
2303
2250
2444
2427
2408
2187
2256
1862
1953
2410
2268
2393
2476
2363
2412
2387
2368
2420
2176
2201
2495
2164
2292
2605
2409
2226
2414
2203
2328
2826
2353
2378
2469
2442
2233
2271
2574
2175
2343
2413
2271
2411
2264
2470
2312
2367
2162
2227
2128
2328
2592
2518
2102
2536
2645
3058
2885
3057
2627
2856
3005
3028
3137
3023
2959
2804
2933
2948
3214
2739
2983
2674
3136
2860
2894
2598
3122
2660
2675
3055
3193
3437
2959
3042
3056
2636
2695
2837
2720
2908
3114
2967
2872
2786
2811
3087
3165
2550
2743
2836
2713
2850
3109
3252
3048
2961
2953
2581
2395
3134
2829
3027
2988
2890
2954
3066
3085
2876
2912
2665
3105
2971
3022
3214
3138
2796
3174
2807
2838
3420
2698
2946
3163
2906
2864
2794
3145
2663
2947
3040
2758
3120
2798
3088
3151
2892
2862
2850
2551
2957
3138
3136
2721
2184
2157
2616
2552
2307
2107
2455
2305
2551
2393
2456
2447
2325
2329
2430
2508
2274
2404
1991
2296
2309
2414
2166
2554
2295
2259
2462
2492
2711
2433
2399
2435
2030
2076
2149
1942
2291
2522
2228
2350
2142
2300
2510
2459
2217
2229
2483
2194
2227
2576
2679
2470
2281
2520
2077
2089
2634
2364
2694
2436
2476
2244
2340
2517
2287
2261
2194
2522
2253
2439
2501
2633
2254
2617
2292
2192
2847
2112
2281
2613
2369
2252
2539
2392
2251
2167
2393
2259
2497
2467
2431
2333
2482
2447
2205
2243
2277
2724
2468
2183
2105
2423
2571
2477
2701
2176
2441
2321
2483
2586
2495
2601
2538
2474
2611
2679
2221
2562
2282
2775
2482
2379
2330
2574
2494
2578
2525
2664
2852
2662
2574
2864
2385
2183
2399
2201
2419
2612
2679
2527
2308
2532
2667
2979
2234
2299
2560
2137
2622
2607
2780
2521
2406
2398
2278
2093
2741
2565
2803
2575
2293
2499
2477
2714
2482
2300
2346
2470
2626
2531
2817
2254
2513
2775
2403
2668
2641
2389
2651
2895
2456
2591
2630
2724
2338
2441
2582
2466
2614
2320
2537
2816
2471
2432
2298
2276
2598
3032
2676
2317
2227
2360
3101
2722
2801
2461
2521
2434
2382
2637
2577
2689
2636
2551
2599
2984
2483
2651
2597
2778
2616
2610
2444
2684
2592
2614
2706
2879
3003
2611
2558
2888
2463
2410
2500
2415
2486
2770
2721
2545
2511
2643
2859
2884
2377
2359
2689
2395
2536
2654
2804
2585
2474
2591
2192
2294
2829
2486
2758
2628
2888
2632
2691
2656
2510
2517
2476
2788
2533
2805
2750
2743
2516
2779
2483
2746
3131
2561
2709
3058
2568
2606
2732
2788
2240
2578
2585
2635
2749
2384
2639
2940
2785
2673
2332
2464
2821
2891
2666
2342
2276
2424
2751
2688
2637
2424
2449
2450
2582
2718
2613
2547
2574
2564
2714
2778
2443
2546
2184
2562
2681
2621
2447
2746
2628
2251
2725
2620
2812
2420
2585
2790
2511
2275
2399
2426
2663
2704
2498
2823
2426
2735
2837
2659
2370
2531
2592
2569
2480
2688
2669
2501
2317
2774
2179
2173
2871
2489
2937
2550
2571
2623
2489
2758
2577
2398
2513
2626
2531
2700
2918
2572
2854
2904
2638
2612
3018
2174
2655
3037
2921
2593
2694
2637
2341
2651
2511
2513
2913
2463
2970
2744
2704
2625
2414
2508
2520
2934
2666
2649
2621
2554
3178
2827
2998
2805
2666
2719
2847
2964
3075
2914
2816
2899
2926
3156
2594
2843
2625
3054
2823
3039
2822
2793
2750
2850
3116
2998
3417
2798
2890
3127
2642
2613
2689
2782
2864
3110
2841
2830
2742
2812
3147
3045
2623
2485
2942
2650
2738
3184
3088
2825
2632
3054
2524
2558
3081
2812
3440
2724
2979
2940
2912
3097
2727
2695
2660
2931
2763
3070
3092
3008
2735
2958
2822
2919
3259
2640
2947
3138
2973
2796
2851
2984
2668
2683
3009
2766
3094
2879
3078
3029
2828
2919
2466
2700
2983
3145
2812
2554
2440
2358
2830
2528
2781
2474
2435
2598
2625
2702
2655
2561
2501
2817
2678
2636
2252
2627
2333
2762
2512
2532
2445
2455
2649
2555
2736
2833
2837
2713
2547
2599
2429
2214
2515
2295
2642
2733
2585
2540
2456
2740
2778
2531
2526
2449
2595
2387
2425
2718
2809
2512
2381
2573
2216
2429
2782
2490
2979
2623
2636
2652
2494
2586
2622
2393
2387
2624
2514
2577
2939
2785
2390
2639
2643
2601
3108
2478
2860
2808
2625
2540
2540
2733
2497
2384
2615
2487
2803
2655
2675
2487
2598
2559
2435
2223
2607
2914
2745
2468
2029
2188
2841
2373
2637
2191
2365
2200
2526
2561
2583
2495
2268
2480
2707
2831
2264
2576
2375
2471
2335
2359
2377
2514
2164
2333
2628
2595
2775
2541
2610
2557
2288
2252
2419
2385
2355
2603
2338
2311
2234
2669
2571
2592
2260
2204
2422
2290
2494
2440
2701
2394
2298
2408
2292
2262
2499
2447
2653
2537
2521
2433
2443
2640
2523
2167
2300
2510
2503
2621
2624
2746
2267
2727
2488
2476
2893
2348
2481
2619
2288
2373
2427
2536
2159
2407
2432
2433
2557
2502
2422
2630
2527
2394
2170
2290
2618
2728
2728
2356
2144
2220
2576
2174
2480
2103
2172
2193
2385
2374
2462
2544
2151
2400
2353
2595
2282
2267
2272
2494
2133
2213
2238
2240
2344
2258
2433
2553
2624
2634
2422
2555
2213
2344
2271
2062
2179
2389
2290
2362
2299
2403
2451
2508
2147
2150
2327
2180
2371
2412
2604
2579
2148
2244
2120
1910
2435
2181
2504
2486
2465
2410
2405
2372
2502
2103
2022
2316
2398
2214
2469
2417
2183
2409
2238
2386
2625
2298
2296
2584
2206
2424
2262
2350
1976
2252
2325
2286
2332
2009
2335
2744
2325
2238
2059
2224
2446
2688
2599
2100
2218
2255
2660
2618
2740
2265
2372
2429
2541
2581
2524
2494
2594
2583
2624
2706
2544
2542
2112
2723
2464
2649
2338
2618
2381
2358
2905
2703
2785
2786
2406
2898
2374
2121
2369
2326
2654
2787
2526
2591
2428
2594
2693
2751
2248
2526
2734
2355
2693
2606
2650
2449
2371
2371
2325
2312
2681
2463
2784
2337
2518
2679
2477
2713
2668
2231
2555
2592
2631
2659
2853
2653
2400
2756
2695
2422
2975
2426
2702
3039
2542
2506
2513
2582
2399
2300
2680
2313
2590
2708
2601
2676
2581
2552
2082
2113
2460
2695
2847
2560
2035
2071
2554
2321
2596
2040
2354
2196
2337
2417
2476
2330
2186
2203
2481
2534
2183
2494
2123
2482
2193
2383
2144
2507
2076
2337
2359
2437
2535
2337
2311
2564
2273
1955
2337
2122
2431
2399
2389
2312
2092
2328
2448
2465
2375
2195
2333
2133
2226
2493
2521
2152
2269
2312
1960
2075
2661
2351
2564
2335
2210
2184
2129
2429
2413
1934
2254
2288
2530
2258
2671
2420
2150
2671
2484
2235
2685
2145
2393
2544
2476
2392
2468
2566
2172
2327
2254
2208
2244
2282
2445
2580
2394
2310
2182
2277
2375
2753
2415
2300
2466
2668
3080
2754
3149
2459
2604
2691
2684
2980
2803
2818
2837
2864
3008
2939
2611
2757
2720
3111
2743
2901
2763
2955
2662
2568
2754
3154
3032
2723
2803
3124
2615
2574
2757
2445
2715
2904
2846
2838
2659
2717
3039
2864
2415
2611
2768
2779
2799
2771
2985
2763
2805
2598
2536
2483
2950
2761
3043
2861
2850
3035
2710
2804
3078
2550
2524
2700
2849
2801
2942
2922
2763
2944
2852
2730
3100
2687
2976
2977
2742
2791
2675
2910
2520
2662
3022
2568
3117
2709
2949
2927
2741
2819
2625
2639
2979
3090
2785
2646
2004
2099
2564
2110
2402
2082
2132
2112
2348
2552
2508
2351
2229
2228
2600
2461
2240
2234
2096
2108
2106
2063
2263
2263
2251
2247
2528
2407
2616
2105
2200
2369
2178
2055
2156
2129
2240
2350
2264
2206
2083
2238
2371
2286
2192
1991
2136
2018
1964
2345
2579
2180
2067
2175
1933
1961
2489
2208
2348
2626
2457
2434
2225
2264
2546
2078
2140
2352
2203
2173
2490
2496
2064
2377
2383
2121
2638
2325
2089
2377
2193
2284
2298
2394
2257
2373
2228
2379
2517
2314
2336
2389
2369
2320
2120
2146
2253
2365
2281
2197
2403
2302
2634
2660
2726
2240
2533
2459
2588
2580
2851
2697
2541
2712
2786
2767
2286
2442
2275
2500
2636
2394
2260
2728
2386
2471
2777
2708
2892
2551
2449
2698
2314
2253
2528
2204
2448
2873
2732
2666
2426
2503
2735
2731
2360
2370
2716
2320
2377
2551
2752
2601
2453
2505
2146
2235
2719
2430
2908
2707
2472
2431
2629
2597
2560
2309
2286
2697
2592
2574
2914
2610
2427
2821
2528
2406
2891
2303
2565
2876
2757
2312
2489
2735
2349
2320
2524
2620
2563
2468
2725
2785
2628
2500
2469
2258
2606
3018
2677
2333
2394
2544
2947
2777
2942
2460
2539
2594
2828
3030
3156
2859
2833
2687
2831
3047
2719
2859
2507
2804
2850
2625
2533
2578
2702
2367
2995
2897
3009
2726
2761
2896
2715
2471
2668
2358
2656
2811
2824
2703
2626
2724
3055
2932
2518
2632
2717
2504
2527
2917
3023
2797
2471
2763
2444
2362
2942
2767
2910
2828
2765
2875
2782
2623
2901
2637
2461
2615
2796
2763
2939
2772
2517
2935
2779
2550
3270
2608
2901
3034
2720
2771
2877
2833
2606
2761
2806
2562
3012
2634
2959
2931
2498
2841
2569
2689
2938
2896
2609
2600
2067
2160
2503
2339
2505
2195
2218
2262
2392
2575
2366
2507
2405
2470
2665
2750
2260
2463
2327
2489
2414
2424
2474
2421
2348
2140
2572
2566
2762
2383
2417
2655
2337
2143
2174
2143
2336
2379
2470
2294
2265
2340
2478
2429
2484
2358
2555
2172
2231
2399
2564
2554
2238
2500
2252
2141
2686
2300
2444
2411
2567
2279
2250
2236
2563
2382
2088
2347
2260
2518
2625
2577
2360
2731
2426
2446
2812
2359
2350
2681
2478
2537
2280
2568
2233
2206
2318
2211
2459
2386
2587
2594
2393
2453
2157
2184
2542
2657
2415
2184
2099
2247
2473
2370
2257
2097
2084
2144
2237
2542
2292
2243
2198
2234
2277
2544
2130
2274
2256
2407
2014
2305
2117
2198
2154
2160
2265
2498
2589
2210
2069
2306
2213
2122
2215
1857
2148
2318
2335
2295
2255
2342
2463
2469
2137
2024
2161
2095
2318
2311
2459
2387
2120
2026
2008
2007
2456
2062
2635
2304
2454
2349
2404
2259
2468
2105
2261
2290
2345
2342
2453
2353
2046
2461
2130
2190
2657
2197
2330
2524
2193
2265
2187
2503
2059
2053
2386
2173
2326
2122
2340
2544
2192
2206
1951
2157
2471
2656
2447
2064
2260
2091
2603
2406
2534
2285
2376
2460
2379
2542
2564
2424
2348
2329
2544
2460
2008
2529
2136
2337
2325
2576
2400
2578
2387
2397
2568
2656
2825
2128
2215
2356
2325
2246
2295
2074
2235
2526
2425
2457
2059
2284
2702
2486
2260
2284
2336
2182
2103
2336
2682
2309
2304
2410
2066
2257
2488
2378
2631
2405
2491
2430
2422
2249
2575
2425
2492
2377
2319
2528
2670
2529
2131
2629
2265
2296
2830
2297
2431
2614
2547
2297
2385
2415
2042
2269
2359
2449
2673
2551
2537
2469
2400
2546
2206
2182
2564
2655
2418
2351
2406
2572
2890
2733
2880
2440
2634
2476
2829
2982
2783
2821
2528
2791
2896
2991
2725
2640
2556
2691
2602
2578
2663
2724
2756
2482
2954
2987
3122
2806
2738
3004
2558
2570
2525
2461
2653
2910
2652
2535
2568
2651
2692
2877
2446
2548
2515
2437
2649
2978
3004
2747
2562
2646
2317
2250
2878
2560
2793
2825
2919
2885
2803
2816
2969
2571
2655
2866
2711
2799
2966
2884
2733
2923
2562
2596
3116
2556
2716
3089
2697
2805
2643
2766
2532
2674
2902
2508
2934
2559
2887
2962
2666
2740
2587
2528
2703
3016
2762
2459
2087
2437
2606
2391
2580
2168
2468
2405
2576
2534
2480
2525
2409
2544
2789
2716
2222
2361
2242
2555
2330
2479
2387
2419
2338
2419
2488
2676
2802
2399
2497
2678
2318
2265
2293
2136
2471
2615
2606
2599
2385
2356
2724
2680
2320
2097
2211
2400
2443
2484
2714
2486
2427
2359
2345
2157
2564
2398
2699
2393
2429
2559
2437
2543
2675
2294
2355
2498
2426
2436
2594
2698
2275
2756
2325
2323
2831
2427
2505
2728
2322
2264
2379
2603
2229
2309
2613
2446
2630
2446
2479
2659
2438
2495
2310
2276
2589
2683
2585
2382
2228
2387
2571
2534
2538
2282
2346
2461
2623
2874
2687
2753
2370
2546
2717
2844
2294
2476
2409
2676
2650
2414
2340
2588
2516
2454
2789
2603
3006
2512
2587
2907
2481
2290
2284
2296
2385
2643
2588
2570
2472
2508
2648
2815
2419
2335
2641
2226
2570
2570
2765
2450
2517
2339
2165
2263
2479
2525
2465
2785
2395
2482
2549
2602
2649
2282
2322
2481
2490
2562
2748
2551
2402
2709
2393
2536
2853
2399
2603
2881
2596
2610
2396
2635
2427
2556
2695
2393
2585
2278
2796
2950
2490
2588
2299
2389
2660
2867
2579
2467
2402
2307
2776
2603
2860
2267
2443
2565
2478
2748
2800
2518
2502
2506
2720
2675
2414
2652
2310
2797
2663
2376
2592
2731
2650
2439
2806
2755
3123
2735
2408
2835
2354
2174
2569
2460
2494
2606
2567
2507
2426
2694
2718
2737
2185
2422
2634
2266
2560
2577
2684
2678
2402
2463
2261
2319
2573
2465
2716
2596
2528
2552
2425
2758
2640
2416
2433
2553
2558
2794
2723
2487
2516
2691
2483
2843
2882
2413
2573
2749
2544
2525
2433
2627
2314
2477
2699
2462
2843
2441
2684
2826
2510
2577
2255
2416
2627
2870
2704
2272
2496
2383
2806
2775
2793
2489
2418
2455
2577
2914
2836
2672
2436
2525
2739
2829
2355
2656
2338
2795
2599
2482
2632
2614
2514
2350
2833
2788
3190
2401
2582
3005
2549
2271
2366
2351
2713
2760
2608
2641
2399
2768
2702
2540
2348
2272
2601
2477
2518
2705
2776
2506
2502
2534
2220
2215
2910
2536
2840
2795
2654
2536
2572
2382
2747
2392
2341
2615
2483
2608
2890
2717
2591
2831
2671
2620
2955
2343
2484
2828
2610
2619
2569
2821
2322
2537
2665
2534
2782
2457
2778
2794
2658
2685
2422
2537
2630
2796
2700
2392
2268
2557
2842
2370
2731
2372
2386
2425
2560
2618
2716
2771
2562
2630
2807
2913
2465
2622
2427
2525
2466
2451
2524
2535
2393
2460
2681
2818
2989
2767
2705
2813
2433
2411
2511
2053
2375
2577
2576
2484
2488
2659
2711
2715
2280
2273
2408
2311
2454
2615
2853
2742
2300
2692
2417
2089
2757
2469
2820
2551
2568
2610
2543
2506
2706
2305
2141
2630
2580
2536
2644
2735
2401
2677
2614
2577
2883
2297
2689
2725
2456
2612
2557
2618
2239
2432
2588
2160
2775
2369
2745
2826
2674
2729
2283
2378
2538
2785
2603
2329
2322
2288
2726
2584
2809
2351
2616
2376
2694
2616
2628
2581
2346
2542
2633
2623
2459
2681
2243
2525
2520
2499
2366
2807
2467
2382
2694
2788
2759
2590
2715
2808
2364
2440
2469
2245
2416
2663
2402
2589
2317
2689
2817
2713
2317
2391
2620
2268
2471
2474
2699
2529
2324
2557
2352
2141
2796
2473
2692
2418
2507
2545
2413
2766
2686
2219
2305
2709
2752
2545
2902
2757
2430
2878
2485
2488
3039
2269
2575
2569
2673
2666
2590
2499
2353
2482
2483
2267
2399
2587
2574
2812
2548
2575
2350
2352
2605
2730
2617
2473
2158
2423
2617
2576
2585
2226
2526
2342
2637
2722
2604
2722
2558
2614
2663
2742
2267
2596
2275
2451
2551
2460
2410
2532
2666
2457
2576
2656
2652
2420
2499
2751
2645
2053
2304
2318
2650
2636
2586
2666
2476
2504
2794
2835
2478
2254
2585
2385
2249
2510
2767
2544
2338
2656
2225
2124
2762
2325
2679
2596
2434
2528
2535
2603
2503
2406
2461
2421
2653
2453
2665
2524
2291
2693
2457
2410
2905
2462
2592
3016
2528
2396
2463
2553
2196
2385
2562
2452
2692
2600
2637
2734
2431
2493
2400
2373
2475
2744
2535
2418
2159
2208
2553
2469
2679
2263
2043
2374
2442
2541
2465
2431
2338
2395
2611
2629
2073
2588
2092
2716
2369
2235
2230
2381
2394
2264
2580
2514
2787
2458
2560
2487
2290
2122
2364
2047
2383
2368
2445
2209
2306
2461
2557
2486
2165
2317
2356
2312
2581
2440
2401
2425
2384
2377
1975
2196
2460
2285
2524
2343
2243
2275
2281
2280
2347
2276
2008
2361
2392
2484
2778
2475
2366
2550
2255
2449
2661
2191
2385
2584
2403
2369
2371
2295
2053
2185
2338
2271
2548
2222
2501
2504
2231
2421
2125
2081
2536
2640
2570
2381
2484
2497
2610
2401
2715
2425
2567
2459
2692
2815
2981
2844
2518
2542
2684
2824
2347
2652
2441
2814
2454
2635
2441
2776
2694
2589
2810
2726
2856
2715
2888
2937
2403
2459
2366
2203
2497
2778
2611
2618
2354
2522
2776
2751
2503
2304
2720
2488
2560
2724
2934
2506
2409
2583
2381
2349
2635
2639
2800
2676
2459
2724
2742
2683
2758
2500
2278
2481
2562
2600
2842
2633
2385
2744
2469
2605
2925
2335
2593
2802
2629
2645
2429
2455
2327
2409
2737
2511
2599
2426
2710
2729
2561
2607
2490
2482
2652
3010
2854
2522
2217
2186
2722
2705
2702
2116
2448
2635
2558
2854
2705
2622
2470
2573
2593
2779
2356
2717
2099
2713
2540
2591
2392
2737
2559
2511
2815
2704
2829
2592
2554
2638
2512
2202
2271
2236
2693
2715
2585
2366
2258
2569
2759
2641
2394
2250
2653
2291
2397
2505
2686
2283
2407
2617
2165
2494
2663
2402
2746
2409
2540
2501
2405
2497
2442
2439
2461
2437
2524
2887
2924
2637
2171
2742
2456
2392
2982
2424
2633
2858
2554
2514
2555
2569
2222
2352
2550
2316
2643
2438
2638
2721
2562
2576
2336
2173
2798
2796
2671
2367
2340
2264
2618
2524
2783
2340
2436
2350
2489
2567
2461
2552
2388
2380
2447
2691
2308
2496
2430
2532
2527
2629
2243
2565
2503
2274
2302
2593
2591
2474
2702
2640
2247
2152
2295
2381
2401
2659
2360
2442
2267
2241
2577
2509
2328
2396
2621
2425
2281
2538
2565
2384
2396
2435
2035
2081
2635
2476
2607
2342
2599
2457
2472
2564
2429
2210
2420
2508
2437
2414
2504
2691
2409
2588
2446
2470
3000
2271
2370
2718
2504
2559
2502
2466
2364
2208
2502
2336
2528
2473
2533
2382
2519
2535
2291
2340
2757
2819
2327
2316
2081
1943
2413
2331
2592
2217
2255
2222
2402
2336
2473
2339
2156
2386
2416
2289
2094
2215
2227
2471
2249
2197
2276
2161
2203
2085
2557
2501
2732
2553
2271
2660
2168
1921
2202
1914
2213
2414
2226
2108
2218
2391
2408
2244
2167
2202
2410
2014
2373
2211
2557
2434
2088
2351
2152
1939
2426
2100
2365
2524
2471
2329
2258
2227
2669
2074
2236
2337
2246
2480
2394
2461
2104
2532
2376
2273
2666
2251
2355
2456
2271
2367
2254
2484
2088
2285
2353
2270
2440
2226
2168
2423
2348
2180
2084
2099
2306
2705
2449
2084
2091
2419
2736
2577
2632
2291
2361
2345
2621
2752
2700
2452
2400
2347
2523
2665
2437
2549
2077
2705
2522
2459
2361
2524
2534
2236
2838
2589
2841
2654
2703
2837
2350
2142
2143
2165
2390
2680
2229
2550
2337
2590
2552
2643
2171
2285
2653
2263
2681
2579
2628
2354
2382
2442
2344
2239
2653
2608
2622
2510
2031
2424
2413
2631
2363
2105
2246
2548
2564
2501
2798
2485
2392
2511
2509
2527
2686
2329
2547
2713
2427
2469
2453
2491
2441
2349
2766
2286
2690
2496
2625
2703
2692
2507
2180
2341
2518
2947
2541
2229
2533
2443
2906
2762
2706
2340
2741
2659
2856
3004
2745
2624
2546
2783
2951
2889
2330
2770
2567
2861
2663
2658
2519
2832
2673
2653
2881
2942
3045
2769
2770
3051
2585
2585
2586
2397
2530
2795
2701
2618
2665
2625
2813
2800
2379
2483
2742
2598
2509
2696
2876
2777
2514
2682
2508
2438
2871
2643
2663
2846
2619
2726
2694
2742
2642
2479
2492
3027
2673
3042
2831
2948
2416
2874
2854
2813
3224
2416
2901
2883
2678
2811
2665
2645
2476
2730
2753
2540
2743
2569
2907
2936
2879
2772
2651
2677
2854
2995
2736
2392
2350
2430
2899
2635
2966
2358
2505
2530
2693
2788
2802
2896
2846
2583
2763
2981
2602
2743
2419
2927
2728
2628
2450
2734
2632
2496
2922
2926
3098
2722
2674
3038
2518
2279
2657
2527
2647
2679
2797
2641
2584
2602
2915
3030
2522
2554
2869
2560
2727
2672
3051
2616
2539
2687
2321
2289
2674
2697
2745
2763
2747
2716
2681
2746
2864
2453
2441
2625
2744
2953
2758
2764
2562
3011
2711
2623
3063
2623
2864
3021
2492
2554
2667
2975
2611
2610
2844
2435
2828
2577
2684
2916
2540
2602
2469
2449
2879
2895
2734
2561
2235
2333
2656
2411
2692
2349
2481
2366
2674
2722
2784
2501
2669
2793
2699
2769
2461
2571
2236
2726
2527
2380
2666
2567
2476
2495
2819
2677
2951
2665
2454
2653
2417
2395
2529
2530
2436
2611
2629
2515
2520
2517
2676
2729
2501
2513
2592
2604
2505
2664
2929
2485
2331
2506
2329
2280
2708
2445
2626
2790
2680
2769
2584
2500
2520
2443
2180
2593
2666
2683
2776
2666
2463
2646
2692
2446
2940
2506
2824
2814
2417
2491
2465
2621
2325
2528
2580
2654
2817
2474
2613
2670
2508
2512
2392
2435
2824
2710
2641
2288
2210
2261
2788
2513
2629
2273
2345
2522
2571
2816
2446
2483
2383
2677
2564
2574
2568
2658
2186
2614
2249
2438
2343
2738
2448
2623
2655
2659
2793
2558
2444
2622
2260
2240
2546
2324
2463
2494
2331
2380
2516
2459
2747
2807
2375
2428
2652
2309
2479
2680
2732
2760
2338
2579
2257
2419
2697
2470
2600
2459
2493
2781
2401
2641
2618
2424
2459
2603
2737
2566
2587
2792
2359
2787
2677
2442
2937
2303
2610
2751
2333
2508
2576
2474
2254
2266
2628
2285
2700
2626
2473
2741
2602
2312
2091
2488
2513
2785
2800
2389
2382
2468
2710
2534
2670
2375
2499
2395
2715
2745
2746
2740
2712
2739
2754
3031
2515
2540
2188
2685
2577
2448
2417
2860
2527
2449
2873
2664
2936
2580
2617
2724
2511
2330
2404
2420
2489
2733
2765
2825
2473
2468
2713
2880
2492
2536
2692
2501
2588
2669
2755
2536
2524
2611
2151
2478
2826
2542
2615
2743
2539
2845
2604
2518
2708
2523
2496
2641
2637
2836
2832
2886
2586
2908
2535
2450
3018
2374
2676
3073
2654
2552
2523
2783
2416
2518
2746
2464
2855
2395
2775
2771
2465
2627
2492
2397
2651
2799
2712
2544
2054
2223
2632
2396
2652
2118
2429
2190
2345
2322
2593
2534
2395
2441
2653
2683
2099
2491
2071
2437
2535
2508
2581
2418
2430
2252
2533
2579
2881
2236
2487
2624
2275
2234
2220
2269
2172
2500
2360
2476
2186
2489
2566
2464
2171
2130
2250
2192
2436
2641
2559
2385
2193
2601
2377
2098
2586
2448
2802
2209
2434
2444
2341
2366
2244
2177
2353
2471
2387
2552
2524
2529
2313
2429
2325
2441
2816
2255
2546
2573
2365
2322
2362
2391
2051
2213
2443
2265
2610
2486
2615
2524
2405
2481
2062
2283
2376
2516
2324
2218
2083
2235
2273
2463
2371
2136
2377
2306
2363
2399
2400
2380
2402
2496
2480
2285
2266
2235
2157
2130
2486
2245
2227
2226
2188
2112
2371
2496
2679
2151
2413
2512
2211
2027
2121
2228
2070
2588
2287
2253
2285
2263
2228
2445
2219
2285
2500
2253
2318
2405
2781
2407
2360
2342
2194
2136
2535
2258
2404
2485
2408
2380
2413
2391
2461
2239
2100
2486
2393
2398
2629
2410
2150
2316
2371
2297
2842
2184
2409
2651
2468
2307
2262
2511
2185
2125
2478
2295
2469
2381
2412
2375
2236
2273
2042
2100
2456
2427
2254
2048
2431
2421
2883
2621
2745
2260
2632
2535
2549
3035
2794
2660
2751
2562
2867
2883
2545
2698
2316
2750
2600
2783
2588
2798
2547
2376
2778
3013
3181
2721
2800
2824
2553
2319
2617
2403
2486
2810
2723
2429
2509
2715
2800
2885
2315
2269
2650
2493
2651
2787
2991
2523
2573
2643
2396
2351
2878
2608
2843
2644
2642
2582
2609
2646
2617
2465
2456
2791
2605
2860
2783
2799
2492
2873
2593
2462
3046
2423
2792
2980
2558
2659
2725
2732
2387
2511
2904
2452
2903
2484
2775
2667
2669
2612
2425
2602
2778
2843
2667
2479
2151
2426
2613
2514
2674
2283
2253
2272
2386
2349
2367
2618
2402
2565
2553
2681
2344
2241
2277
2343
2523
2410
2315
2282
2197
2154
2329
2593
2592
2353
2465
2749
2141
2264
2141
2200
2255
2733
2257
2559
2221
2630
2381
2373
2093
2327
2500
2385
2297
2516
2506
2451
2323
2378
2264
1940
2643
2263
2625
2558
2529
2481
2286
2378
2607
2192
2279
2597
2397
2329
2560
2639
2486
2566
2414
2307
2972
2340
2384
2731
2536
2283
2493
2496
2066
2299
2296
2330
2580
2372
2496
2311
2532
2535
2185
2193
2401
2625
2432
2215
2108
2164
2529
2318
2569
2234
2283
2470
2438
2383
2518
2524
2230
2266
2401
2714
2297
2543
2166
2392
2391
2455
2260
2384
2355
2356
2664
2691
2806
2516
2715
2589
2246
2235
2248
2222
2310
2609
2283
2618
2332
2314
2643
2724
2231
2245
2322
2320
2543
2573
2766
2324
2281
2439
2159
2096
2473
2281
2466
2414
2147
2492
2437
2493
2564
2173
2364
2693
2539
2561
2617
2584
2305
2734
2465
2348
2721
2255
2446
2630
2460
2347
2377
2444
2361
2480
2431
2122
2455
2197
2700
2654
2366
2579
2289
2138
2441
2578
2683
2256
2214
2366
2879
2619
2664
2335
2474
2599
2639
2766
2544
2732
2654
2425
2771
2715
2465
2669
2315
2595
2571
2596
2414
2806
2517
2528
2694
2804
2841
2496
2608
2728
2327
2321
2288
2140
2491
2557
2558
2598
2374
2446
2894
2778
2195
2364
2694
2490
2442
2562
2759
2447
2563
2512
2285
2188
2760
2541
2780
2653
2423
2702
2480
2525
2655
2406
2339
2610
2524
2549
2860
2651
2334
2743
2592
2538
2902
2508
2601
2879
2545
2526
2551
2598
2310
2684
2575
2485
2752
2581
2652
2760
2742
2658
2416
2393
2734
2792
2756
2316
2406
2498
2769
2777
2949
2520
2418
2534
2544
2737
2850
2594
2556
2896
2927
2930
2430
2669
2564
2889
2573
2468
2557
2581
2707
2696
2955
2756
3195
2650
2680
2694
2453
2369
2617
2299
2573
2830
2801
2682
2513
2487
2813
2816
2435
2326
2661
2607
2762
2781
3018
2659
2492
2642
2306
2349
2779
2604
2830
2628
2798
2552
2690
2593
2966
2472
2500
2572
2447
2771
2902
2784
2519
2841
2438
2656
3192
2507
2656
2808
2607
2558
2415
2784
2476
2422
2673
2614
2726
2652
2567
2902
2573
2562
2315
2357
2790
2963
2868
2454
2462
2773
3010
2809
2901
2597
2736
2650
2853
3120
2856
2984
2925
2715
2748
2941
2739
2716
2470
2659
2629
2661
2469
2697
2905
2771
2615
2765
2988
2634
2761
3150
2695
2517
2723
2488
2656
2789
2802
2730
2595
2764
3127
3021
2637
2569
2761
2521
2543
2750
2916
2648
2551
2667
2396
2376
3092
2536
2963
2739
2797
2833
2760
2783
2918
2640
2442
2625
2820
2794
2941
2850
2573
2769
2596
2759
3161
2550
2690
3150
2775
2882
2758
2828
2583
2607
2819
2744
2709
2710
2892
3033
2733
2768
2368
2552
2812
3084
2761
2579
2135
2260
2514
2554
2524
2118
2393
2465
2349
2542
2499
2495
2346
2545
2680
2629
2107
2483
2195
2513
2464
2361
2246
2512
2269
2340
2458
2693
2698
2378
2442
2808
2291
2275
2217
2086
2426
2636
2438
2301
2275
2511
2425
2634
2035
2272
2312
2189
2374
2420
2706
2402
2411
2367
2176
2074
2472
2295
2593
2480
2469
2471
2427
2570
2600
2366
2217
2591
2383
2580
2491
2479
2422
2640
2323
2461
2601
2287
2606
2556
2328
2342
2465
2565
2256
2210
2568
2186
2503
2392
2686
2580
2309
2537
2422
2207
2378
2769
2486
2270
2234
2314
2676
2449
2602
2284
2486
2359
2678
2706
2615
2622
2486
2482
2579
2817
2275
2436
2288
2399
2395
2313
2367
2681
2501
2368
2665
2725
2853
2493
2571
2746
2219
2252
2375
2373
2321
2662
2556
2595
2470
2688
2671
2865
2254
2262
2521
2143
2531
2578
2830
2570
2348
2351
2167
2202
2633
2360
2476
2830
2390
2491
2542
2615
2607
2402
2397
2641
2430
2730
2620
2602
2567
2815
2454
2595
2810
2346
2628
2841
2490
2536
2517
2612
2420
2558
2468
2533
2671
2522
2552
2620
2568
2416
2462
2385
2478
2908
2597
2319
2190
2165
2831
2516
2516
2312
2410
2301
2267
2611
2588
2652
2476
2487
2532
2553
2286
2557
2233
2448
2406
2443
2269
2707
2494
2526
2565
2656
2898
2365
2452
2821
2186
2223
2278
2239
2344
2529
2284
2457
2199
2391
2693
2662
2123
2275
2518
2405
2350
2531
2710
2425
2319
2420
2071
2237
2669
2456
2413
2680
2557
2677
2718
2558
2590
2419
2491
2632
2411
2654
2376
2655
2291
2551
2441
2485
2884
2296
2454
2738
2365
2338
2628
2540
2171
2558
2547
2455
2799
2402
2633
2534
2617
2424
2396
2475
2477
2739
2767
2348
2454
2631
3096
2978
2876
2569
2723
2572
3017
3062
2863
3040
2753
2827
2996
3210
2688
2953
2482
3138
2797
2910
2726
2869
2787
2671
3062
3039
3312
2756
2960
3061
2654
2515
2769
2711
2830
2977
2987
2817
2737
2920
3132
3039
2721
2516
2803
2698
2925
3094
3261
2929
2709
2818
2506
2464
2890
2903
3183
2909
2773
2691
2834
2966
2785
2727
2563
2809
2995
2771
2997
3137
2685
3074
2851
2587
3348
2737
3032
3116
2762
2752
2787
3022
2585
2546
3057
2854
3046
2898
2961
3008
2695
2870
2585
2736
3017
3147
2904
2638
2217
2467
2767
2662
2881
2494
2499
2459
2543
2651
2801
2850
2656
2618
2865
2844
2355
2683
2365
2672
2615
2604
2438
2562
2450
2419
2586
2839
2989
2483
2635
2962
2529
2328
2601
2495
2577
2719
2751
2685
2531
2643
2825
2748
2466
2424
2490
2426
2626
2683
2932
2651
2659
2643
2268
2264
2605
2589
2743
2722
2614
2635
2670
2583
2673
2423
2138
2682
2717
2452
2802
2731
2418
2733
2606
2510
3083
2517
2695
2865
2554
2470
2634
2810
2348
2374
2621
2734
2817
2617
2619
2830
2415
2801
2473
2582
2848
2839
2525
2406
2409
2537
2987
2573
2996
2644
2569
2656
2523
3000
2742
2586
2816
2592
2713
2941
2440
2869
2640
2749
2594
2801
2519
2635
2586
2672
2800
2843
3118
2675
2671
2836
2492
2305
2465
2386
2585
2727
2674
2510
2646
2664
2966
2970
2514
2504
2736
2616
2641
2526
2588
2548
2569
2544
2320
2373
3106
2465
2872
2772
2559
2914
2552
2509
2582
2417
2561
2823
2869
2690
2843
2788
2406
2923
2766
2568
2900
2498
2571
3046
2770
2616
2611
2785
2286
2657
2857
2357
2824
2598
2847
3017
2830
2745
2400
2523
2840
2762
2822
2467
1967
1899
2284
2040
2422
2167
2099
2207
2208
2286
2283
2358
1990
2396
2120
2426
1940
2085
2005
2385
2242
2183
2133
2179
2236
2034
2320
2373
2424
1973
2094
2338
2003
1953
1863
2151
2198
2344
2220
2263
2197
2229
2332
2259
1973
2005
2336
1989
2172
2200
2342
2067
2043
2204
1992
2118
2338
2192
2321
2151
2175
2417
2029
2002
2301
2101
2015
2147
2202
2116
2246
2339
2111
2310
2117
1978
2540
2035
2220
2497
2094
2047
2215
2185
1954
1870
2281
1953
2380
2173
2242
2158
2068
2179
1908
2119
2210
2148
2236
2091
2168
2272
2680
2370
2359
2185
2119
2204
2345
2509
2522
2397
2213
2328
2536
2626
2111
2521
2103
2564
2399
2243
2317
2357
2331
2002
2517
2445
2829
2354
2338
2439
2216
2087
2330
2188
2187
2486
2306
2249
2338
2497
2529
2482
2013
2249
2470
2097
2463
2447
2430
2383
2210
2319
2009
2061
2590
2278
2629
2295
2569
2275
2282
2474
2307
2130
1979
2472
2232
2349
2588
2452
2352
2391
2419
2315
2771
2104
2270
2498
2396
2463
2288
2548
2141
2228
2348
2195
2541
2179
2535
2513
2268
2491
2203
2152
2430
2501
2431
2182
2338
2737
3045
2871
2927
2759
2540
2749
2696
2912
2927
2949
2756
2858
2859
2954
2400
2757
2459
2884
2789
2867
2536
2798
2841
2645
2760
2916
3015
2631
3059
3061
2551
2499
2745
2232
2721
2958
2815
2851
2680
2704
3142
2834
2595
2494
2781
2800
2682
2773
2944
2611
2663
2709
2401
2357
2799
2777
2917
2840
2679
2827
2901
2732
2905
2558
2480
2765
2800
2716
2982
3061
2669
2815
2745
2618
3212
2560
2793
3051
2775
2789
2802
2838
2594
2863
2878
2824
3052
2663
2877
2897
3017
2797
2606
2582
2841
3153
2801
2631
2201
2230
2538
2594
2275
2218
2258
2355
2414
2646
2638
2472
2343
2485
2492
2477
2205
2483
2063
2435
2247
2345
2205
2466
2231
2244
2636
2595
2673
2321
2461
2562
2251
1984
2357
2019
2433
2542
2488
2347
2333
2460
2621
2553
2345
2140
2384
2279
2456
2577
2807
2342
2285
2166
1944
2077
2498
2350
2579
2533
2443
2357
2393
2569
2519
2309
2066
2411
2242
2429
2483
2615
2291
2654
2593
2194
2771
2242
2542
2644
2378
2466
2188
2642
2261
2423
2524
2444
2584
2481
2570
2442
2362
2399
2444
2340
2489
2682
2530
2154
1792
1870
2086
2073
2056
1703
1921
1838
2172
2344
2246
2106
1973
1866
2192
2101
1972
1934
1665
1988
1860
1848
1842
2250
1884
1838
2135
2007
2208
1986
1895
2148
1796
1756
1846
1524
1835
2065
2066
1772
1709
1979
1906
2073
1830
1793
1929
1615
1911
2025
2093
1878
1904
1725
1748
1665
2201
1890
2063
2149
1814
1817
1808
2014
1962
1750
1693
2010
1893
1900
2122
2018
1786
2124
1937
1860
2180
1781
1809
2163
1939
1876
1823
1982
1794
1861
2060
1866
2031
1980
2080
2104
2182
2090
1872
1780
1921
2250
1936
1755
2270
2389
2568
2462
2640
2354
2337
2358
2489
2645
2717
2437
2476
2249
2531
2615
2295
2536
2257
2467
2274
2527
2293
2642
2388
2361
2760
2414
2757
2479
2566
2611
2199
2277
2376
2015
2427
2387
2472
2256
2182
2482
2539
2627
2175
2234
2328
2189
2340
2568
2707
2391
2163
2400
2138
2067
2484
2488
2574
2406
2500
2571
2413
2697
2507
2306
2314
2324
2506
2534
2537
2351
2494
2691
2357
2295
2792
2151
2458
2685
2504
2518
2396
2403
2278
2242
2558
2204
2413
2481
2591
2497
2381
2590
2260
2383
2307
2504
2429
2344
2172
2276
2941
2514
2746
2079
2450
2425
2572
2710
2605
2502
2500
2513
2685
2641
2425
2552
2321
2625
2619
2313
2480
2530
2370
2200
2668
2849
2944
2644
2590
2617
2252
2236
2195
2297
2276
2503
2416
2228
2403
2622
2645
2504
2257
2133
2626
2186
2504
2604
2751
2497
2355
2436
2126
2261
2808
2387
2643
2579
2670
2505
2389
2655
2648
2316
2240
2547
2400
2568
2743
2518
2303
2565
2432
2408
2908
2252
2383
2669
2432
2461
2586
2560
2330
2404
2577
2213
2869
2254
2654
2676
2619
2325
2436
2411
2606
2756
2629
2182
2283
2411
2730
2311
2589
2249
2292
2444
2256
2436
2423
2564
2287
2524
2454
2560
2289
2509
2206
2278
2095
2394
2222
2447
2334
2448
2319
2506
2932
2548
2507
2539
2143
2306
2382
1994
2249
2523
2104
2300
2173
2511
2424
2572
2172
2136
2354
2247
2326
2557
2519
2470
2334
2300
2150
1903
2538
2410
2627
2413
2533
2415
2515
2431
2305
2240
2082
2620
2315
2419
2753
2460
2322
2370
2316
2424
2663
2240
2336
2509
2307
2291
2305
2491
1948
2066
2497
2122
2511
2243
2522
2485
2383
2562
1973
2163
2389
2539
2712
2247
2682
2612
2813
2942
3040
2587
2762
2745
2949
2987
3043
2810
2753
2715
3019
3030
2522
2883
2513
3059
2803
2897
2673
2834
2828
2664
2921
3018
3099
2823
2903
3100
2748
2568
2476
2487
2639
3169
2883
2985
2660
2922
3027
2993
2699
2559
2816
2690
2802
2988
3078
2762
2769
2668
2521
2459
2978
2764
3249
2754
2779
2780
2861
2868
2957
2626
2792
2773
2715
2755
3068
2927
2685
3051
2585
2753
3274
2632
2885
3200
2911
2790
2886
2895
2614
2731
2999
2717
2968
2900
2931
3002
2671
2905
2592
2682
2962
3155
2982
2579
2208
2342
2712
2534
2651
2345
2304
2495
2488
2632
2441
2482
2416
2571
2676
2584
2155
2548
2291
2636
2498
2400
2380
2601
2507
2555
2645
2721
2842
2444
2649
2707
2122
2287
2362
2034
2443
2600
2562
2412
2455
2482
2650
2650
2280
2174
2529
2387
2409
2678
2774
2509
2320
2466
2213
2089
2712
2438
2567
2480
2403
2663
2464
2467
2519
2559
2231
2570
2348
2507
2689
2524
2321
2672
2337
2609
2828
2183
2402
2833
2412
2501
2391
2450
2285
2358
2607
2409
2721
2404
2569
2655
2543
2473
2307
2377
2379
2541
2705
2237
2237
2347
2560
2340
2572
2381
2269
2272
2440
2581
2480
2473
2317
2514
2538
2665
2358
2441
2049
2474
2330
2268
2318
2355
2530
2514
2635
2533
2707
2487
2481
2616
2182
2176
2363
2208
2257
2628
2252
2426
2337
2543
2555
2484
2439
2252
2407
2351
2516
2595
2659
2450
2039
2295
1949
2152
2717
2342
2632
2543
2435
2509
2505
2615
2456
2244
2249
2395
2339
2355
2655
2499
2482
2457
2414
2462
2821
2350
2467
2685
2383
2354
2356
2700
2127
2318
2654
2338
2444
2346
2462
2401
2401
2328
2298
2346
2431
2673
2546
2285
1977
2119
2792
2469
2619
2292
2495
2385
2171
2484
2462
2310
2451
2472
2631
2604
2234
2554
2177
2553
2527
2478
2334
2489
2385
2391
2678
2496
2791
2347
2375
2559
2204
2140
2343
2226
2495
2468
2577
2335
2133
2528
2815
2635
2254
2380
2497
2384
2368
2511
2702
2305
2202
2498
2311
2270
2725
2360
2716
2325
2513
2504
2284
2464
2510
2225
2491
2455
2597
2429
2665
2468
2287
2617
2532
2295
2839
2216
2655
2934
2622
2500
2451
2580
2063
2564
2612
2404
2702
2518
2559
2689
2556
2450
2211
2174
2600
2426
2715
2317
2215
2249
2747
2538
2712
2214
2451
2246
2538
2643
2436
2515
2258
2611
2686
2748
2421
2618
2504
2660
2401
2316
2487
2574
2507
2442
2756
2737
2713
2666
2623
2695
2270
2330
2422
2306
2382
2680
2565
2322
2394
2529
2686
2706
2253
2274
2656
2358
2476
2625
2868
2506
2211
2359
2012
2031
2587
2524
2568
2633
2840
2550
2585
2666
2792
2473
2505
2389
2534
2522
2521
2633
2359
2833
2470
2424
2968
2318
2563
2713
2384
2614
2593
2620
2362
2519
2566
2275
2593
2406
2638
2728
2569
2306
2348
2389
2549
2798
2833
2371
2324
2453
2772
2600
2494
2208
2206
2359
2349
2641
2658
2430
2540
2568
2527
2503
2183
2561
2047
2596
2544
2503
2397
2498
2525
2253
2629
2608
2924
2541
2464
2529
2242
2139
2178
2286
2148
2609
2273
2505
2409
2605
2490
2696
2382
2477
2528
2458
2581
2606
2576
2490
2368
2494
2221
2306
2618
2406
2647
2585
2486
2595
2359
2502
2309
2162
2293
2700
2303
2674
2726
2505
2497
2605
2571
2462
2870
2264
2580
2907
2550
2311
2382
2563
2197
2236
2514
2380
2677
2428
2529
2495
2472
2501
2313
2461
2607
2774
2479
2149
1983
2234
2557
2413
2562
2317
2195
2359
2186
2368
2527
2403
2288
2376
2432
2594
2091
2576
2182
2577
2434
2456
2157
2519
2156
2335
2473
2504
2711
2155
2435
2430
2097
2148
2151
1909
2225
2345
2546
2369
2002
2213
2507
2575
2168
2095
2414
2309
2230
2302
2647
2145
2278
2167
2170
2089
2491
2437
2373
2278
2315
2393
2340
2342
2483
2356
2157
2218
2280
2414
2554
2368
2319
2447
2179
2361
2748
2309
2386
2595
2175
2309
2389
2498
2145
2262
2369
2225
2365
2320
2303
2394
2325
2267
2093
2085
2556
2446
2462
2226
2193
2206
2793
2547
2804
2386
2545
2258
2523
2656
2659
2416
2522
2438
2781
2843
2302
2588
2146
2464
2628
2583
2414
2684
2572
2433
2907
2751
2983
2577
2408
2688
2332
2271
2388
2333
2448
2584
2526
2706
2347
2645
2770
2789
2424
2335
2555
2287
2597
2641
2770
2490
2301
2664
2228
2334
2794
2324
2820
2506
2686
2636
2580
2501
2532
2322
2663
2640
2556
2748
2749
2587
2357
2757
2437
2573
3047
2289
2601
3009
2527
2469
2616
2560
2377
2638
2610
2314
2755
2676
2579
2796
2690
2498
2403
2285
2538
2796
2669
2469
1999
2470
2780
2578
2689
2182
2460
2179
2531
2604
2651
2566
2402
2573
2744
2705
2252
2638
2276
2593
2390
2390
2452
2522
2486
2284
2585
2636
2779
2546
2627
2681
2419
2114
2333
2178
2388
2596
2294
2661
2332
2565
2553
2568
2109
2241
2205
2164
2463
2534
2577
2271
2316
2412
2217
2059
2586
2399
2569
2589
2339
2600
2319
2444
2529
2199
2346
2496
2434
2542
2658
2655
2338
2639
2500
2333
2925
2432
2571
2735
2316
2443
2330
2460
2218
2462
2388
2456
2690
2417
2414
2635
2580
2561
2562
2310
2599
2813
2502
2250
2068
2475
2595
2384
2459
2340
2080
2340
2377
2543
2649
2666
2428
2374
2511
2631
2255
2430
2333
2464
2320
2292
2218
2531
2409
2251
2524
2480
2679
2346
2353
2570
2125
2142
2210
2207
2278
2536
2325
2599
2292
2439
2567
2487
2177
2176
2592
2304
2430
2279
2431
2502
2345
2300
2078
2047
2552
2356
2455
2519
2303
2457
2359
2473
2588
2184
2154
2350
2491
2225
2733
2304
2378
2488
2456
2482
2800
2379
2443
2636
2502
2487
2300
2472
2288
2228
2443
2576
2736
2300
2592
2503
2454
2478
2256
2343
2460
2844
2467
2126
2635
2549
2969
2794
3088
2488
2577
2772
2683
2955
2951
2826
2994
2712
3069
3225
2481
2956
2731
2889
2719
2926
2523
2707
2734
2769
2817
3115
3366
2925
2853
3022
2733
2567
2705
2620
2652
2859
2834
2582
2574
2736
3176
3140
2462
2681
2846
2709
2650
2725
3199
3007
2748
2786
2533
2490
2999
2824
3161
2938
2981
2860
2744
2737
2756
2652
2576
2909
2922
2717
2918
2845
2474
3001
2843
2717
3292
2680
2890
3150
2660
2934
2858
3018
2517
2613
2774
2769
2981
2698
2852
2918
2721
2914
2687
2528
3101
2988
2938
2650
2087
2345
2579
2387
2564
2170
2253
2368
2653
2583
2537
2611
2319
2416
2589
2635
2159
2369
2180
2489
2274
2275
2249
2488
2421
2257
2457
2630
2661
2298
2498
2589
2193
2005
2315
2185
2316
2399
2476
2458
2319
2398
2677
2525
2182
2175
2336
2098
2433
2278
2665
2249
2262
2215
2145
2123
2346
2408
2430
2608
2359
2489
2359
2527
2561
2079
2090
2498
2364
2486
2655
2620
2287
2497
2381
2336
2858
2392
2477
2435
2204
2214
2443
2526
2474
2378
2374
2320
2451
2530
2335
2391
2390
2431
2286
2169
2471
2677
2339
2351
2447
2368
2683
2606
2827
2704
2504
2564
2584
2622
2748
2603
2558
2668
2702
2732
2371
2701
2310
2595
2364
2650
2565
2475
2440
2330
2852
2793
3002
2682
2685
2831
2563
2288
2465
2340
2584
2870
2617
2683
2442
2727
2709
2631
2492
2431
2711
2453
2725
2665
2813
2825
2499
2690
2384
2316
2756
2467
2900
2420
2685
2558
2593
2640
2714
2439
2524
2723
2535
2662
2809
2780
2382
2795
2609
2596
3084
2416
2698
2831
2671
2605
2630
2682
2309
2385
2706
2491
2928
2832
2692
2738
2546
2572
2169
2373
2691
2862
2946
2423
2355
2349
2738
2669
2905
2410
2480
2544
2596
2805
2701
2521
2488
2420
2573
2627
2449
2776
2301
2648
2495
2435
2472
2653
2452
2560
2756
2839
2920
2515
2624
2736
2423
2211
2468
2291
2621
2777
2625
2522
2375
2526
2748
2619
2433
2202
2381
2401
2340
2740
2583
2438
2342
2620
2117
2107
2789
2446
2709
2467
2308
2718
2632
2590
2591
2307
2433
2672
2504
2608
2978
2668
2210
2618
2460
2559
3065
2495
2465
2656
2719
2409
2533
2650
2230
2444
2784
2512
2758
2581
2633
2735
2551
2403
2337
2328
2540
2768
2683
2345
