1646
1067
1256
1511
1285
1357
1339
1471
1211
1363
1535
1322
1365
1617
1349
1302
1229
1367
1255
1454
1424
1310
1323
1504
1323
1318
1297
1372
1243
1141
1171
1294
1235
1310
1286
1231
1435
1578
1500
1605
1625
1566
1543
1275
1322
1470
1366
1550
1013
1220
1477
1043
1231
1345
1087
1333
1191
1307
1144
1352
1206
1196
1202
1429
1234
1165
1162
1317
1126
1222
1246
1276
1113
1343
1194
1115
1262
1265
1114
980
1107
1244
1239
1074
1141
1172
1378
1303
1449
1501
1437
1481
1333
1292
1251
1182
1024
1389
972
1154
1354
933
1171
1347
972
1075
1012
1320
1071
1191
1225
1189
1272
1191
1110
1002
1130
1092
945
1349
1216
1252
952
1298
1136
1206
1019
1148
1173
909
1105
1125
1106
1101
1087
1045
1064
1169
1435
1397
1292
1322
1068
1000
1199
1292
1189
1396
871
1069
1506
935
1110
1352
1034
1200
1246
1324
1160
1276
1213
1292
1248
1313
1176
958
1159
1303
1175
1265
1289
1130
1146
1309
1251
1072
1243
1088
1209
1061
1147
1334
1130
1254
1064
1189
1207
1238
1354
1565
1253
1413
1335
1291
1229
1323
1096
1437
1037
1235
1470
971
1120
1317
1054
1268
1073
1273
1207
1254
1379
1271
1238
1439
1080
1160
1175
1139
1034
1329
1301
1216
1240
1299
1114
1146
1264
1227
1152
872
1103
1271
1113
1125
1095
1092
1365
1450
1378
1470
1335
1352
1308
1243
1206
1231
1195
1448
1043
1270
1343
785
1053
1133
894
950
1008
1232
1034
1174
1000
1145
992
1115
957
978
1112
1071
987
1139
1047
1107
974
1141
983
1022
1026
983
991
850
1004
1046
922
996
912
1128
981
1005
1182
1275
1044
1315
1036
959
1078
1133
900
1296
901
1084
1557
1026
1048
1239
1123
1126
1181
1363
1177
1181
1323
1197
1272
1405
1101
1147
1227
1164
1012
1302
1357
1332
1103
1321
1103
1123
1143
1271
1324
1011
1266
1249
1051
1174
970
1183
1329
1233
1420
1461
1217
1434
1170
1285
1247
1365
1219
1463
1065
1185
1467
822
1024
1223
954
1115
1116
1154
1065
1112
1153
1175
1220
1283
1016
992
989
1121
906
1162
1241
1160
1173
1153
1125
1152
1230
1140
1131
986
1243
1135
1110
1115
1050
1214
1289
1174
1228
1389
1247
1310
1390
1129
1239
1284
1194
1245
909
1181
1544
1029
1360
1498
1210
1430
1141
1409
1174
1389
1419
1262
1336
1485
1203
1185
1231
1336
1155
1484
1472
1302
1199
1443
1223
1393
1241
1338
1251
1069
1336
1322
1172
1243
1244
1273
1394
1482
1452
1482
1545
1582
1337
1356
1401
1425
1383
1537
1024
1275
1379
894
1238
1243
940
987
1033
1172
1184
1246
1239
1134
1294
1166
1084
1052
1122
1009
1036
1250
1191
1127
895
1129
1147
1187
1191
1117
1082
964
1137
1128
1141
1242
1206
1195
1015
1007
1364
1360
1185
1388
1058
1014
1290
1168
1143
1281
919
1112
1478
816
1080
1183
988
1085
1067
1234
959
1243
1246
1170
1199
1274
1133
1045
1201
1170
1028
1296
1236
1002
1014
1206
1107
1155
1084
1227
1165
1013
1069
1170
895
1188
1119
1049
1113
1076
1194
1323
1199
1245
1210
973
1139
1416
1291
1364
919
1130
1536
935
1253
1405
1212
1261
1137
1280
1077
1312
1334
1114
1215
1496
1178
1115
1095
1212
1210
1353
1293
1189
1046
1364
1240
1226
1194
1125
1179
1040
1263
1346
1155
1163
1234
1178
1291
1391
1408
1515
1380
1464
1178
1328
1152
1324
1258
1439
933
1041
1711
1122
1412
1595
1265
1488
1400
1494
1307
1499
1513
1501
1456
1775
1456
1409
1338
1369
1290
1476
1574
1342
1413
1555
1424
1384
1565
1479
1328
1160
1348
1478
1303
1433
1527
1487
1606
1504
1657
1672
1577
1699
1586
1435
1594
1497
1558
1675
1152
1387
1746
1192
1445
1499
1121
1397
1273
1416
1341
1352
1675
1323
1526
1690
1255
1323
1409
1181
1180
1420
1506
1307
1323
1357
1292
1459
1403
1427
1353
1081
1372
1380
1251
1453
1164
1359
1528
1485
1636
1534
1606
1572
1478
1313
1443
1447
1502
1670
1197
1289
1691
1020
1103
1438
1304
1158
1268
1497
1404
1446
1555
1527
1420
1538
1398
1349
1159
1412
1098
1360
1492
1293
1339
1390
1282
1293
1342
1499
1488
1104
1361
1480
1259
1294
1259
1213
1327
1363
1649
1609
1338
1557
1437
1387
1420
1386
1374
1621
1137
1355
1685
1098
1228
1580
1114
1316
1319
1636
1248
1398
1540
1413
1554
1683
1432
1221
1206
1259
1184
1539
1531
1308
1176
1569
1221
1193
1370
1363
1287
1119
1182
1361
1498
1486
1310
1322
1493
1468
1730
1608
1504
1557
1369
1342
1317
1483
1215
1467
1127
1320
1261
976
1064
1112
810
1058
978
1049
1051
1074
993
1005
1034
1143
910
943
1053
1040
939
1062
1132
989
947
1087
965
970
1035
1096
939
842
1091
984
967
1039
768
1005
1055
1016
1213
1289
1141
1286
1078
967
1007
1041
945
1228
970
1031
1578
1071
1164
1457
1151
1249
1279
1361
1169
1341
1549
1237
1375
1555
1315
1275
1232
1198
1146
1467
1426
1209
1237
1270
1169
1394
1187
1391
1205
938
1242
1162
1186
1351
1178
1134
1331
1404
1474
1393
1426
1350
1322
1234
1247
1479
1269
1456
1040
1264
1640
1225
1413
1508
1161
1394
1366
1301
1447
1461
1420
1442
1430
1594
1156
1303
1332
1320
1285
1366
1452
1471
1269
1374
1249
1446
1446
1398
1377
1133
1493
1382
1299
1294
1350
1283
1469
1424
1558
1679
1405
1674
1389
1389
1360
1432
1260
1521
1140
1422
1577
1114
1219
1434
1106
1265
1316
1339
1250
1236
1340
1329
1374
1397
1211
1235
1215
1188
1112
1339
1444
1278
1074
1368
1291
1272
1256
1252
1302
1108
1366
1353
1142
1325
1325
1249
1271
1405
1476
1646
1370
1466
1398
1313
1329
1413
1384
1508
881
1186
1437
878
1186
1291
923
1249
1077
1256
1135
1160
1270
1110
1182
1297
931
1032
1072
1058
1035
1231
1222
1164
1044
1163
969
1228
1079
1177
1173
979
1276
1125
1095
1137
954
1051
1372
1289
1288
1430
1201
1432
1181
1235
1185
1200
1129
1294
926
1076
1655
922
1331
1470
1224
1393
1432
1464
1175
1419
1417
1400
1351
1513
1347
1320
1221
1323
1318
1419
1605
1342
1356
1433
1204
1275
1385
1458
1274
1200
1275
1433
1270
1389
1337
1236
1517
1643
1523
1678
1455
1549
1421
1418
1577
1327
1416
1587
929
1251
1571
922
959
1249
1059
1080
1104
1296
931
1269
1404
1200
1277
1406
1127
1011
1004
1243
960
1310
1352
1269
1194
1418
1023
1082
1013
1218
1200
840
1062
1127
1041
1091
948
1298
1306
1405
1416
1468
1240
1097
1235
1197
1247
1343
1148
1435
1016
1216
1492
1022
1128
1334
1029
1198
1376
1284
1100
1276
1511
1291
1367
1634
1157
1402
1158
1216
1036
1351
1324
1161
1282
1392
1087
1173
1429
1269
1228
1109
1231
1297
1251
1235
1314
1266
1347
1463
1476
1495
1413
1364
1404
1330
1270
1252
1264
1507
1117
1063
1620
1050
1136
1313
1063
1105
1295
1358
1153
1248
1404
1238
1315
1376
1219
1275
1136
1229
1077
1343
1476
1215
1250
1317
1080
1124
1355
1297
1222
1013
1187
1287
1236
1189
1170
1121
1397
1339
1498
1559
1322
1394
1284
1309
1358
1191
1281
1386
938
1077
1820
1007
1338
1630
1273
1366
1381
1553
1458
1657
1654
1488
1493
1669
1424
1330
1345
1426
1380
1682
1594
1356
1304
1570
1424
1390
1493
1576
1397
1249
1423
1558
1450
1386
1324
1431
1451
1620
1726
1744
1575
1605
1439
1375
1528
1511
1423
1758
1213
1394
1773
1097
1263
1482
1222
1252
1272
1615
1306
1406
1572
1464
1494
1510
1320
1241
1360
1291
1157
1548
1551
1334
1276
1511
1292
1426
1327
1379
1299
1033
1287
1353
1191
1442
1153
1415
1382
1454
1537
1553
1457
1551
1503
1344
1507
1522
1395
1670
1105
1378
1503
758
1143
1302
1054
1101
1010
1239
1052
1128
1223
1193
1314
1393
1062
961
1017
1026
979
1294
1135
1171
1143
1195
1141
1165
1166
1121
1189
1024
1201
1250
1047
1187
1015
1075
1215
1200
1321
1411
1369
1320
1302
1024
1158
1270
1275
1388
929
1061
1543
934
1023
1289
1029
1159
1107
1311
1133
1296
1388
1268
1277
1494
1160
1140
1131
1152
1089
1407
1309
1239
1103
1326
1184
1116
1304
1325
1095
980
1092
1275
1120
1185
1197
1142
1281
1295
1450
1322
1359
1250
1333
1142
1313
1272
1178
1299
1070
1135
1772
1043
1386
1691
1382
1623
1457
1520
1467
1427
1681
1537
1577
1766
1373
1349
1385
1326
1370
1626
1676
1512
1481
1529
1479
1535
1517
1570
1459
1425
1519
1515
1344
1523
1394
1458
1603
1775
1578
1678
1718
1778
1603
1515
1467
1612
1577
1759
1242
1517
1394
965
1082
1217
1098
1216
1159
1268
1028
1145
1199
1061
1192
1348
1051
1027
1090
1172
1074
1244
1363
1129
1076
1161
1055
1074
1186
1287
1107
988
1284
1245
985
1107
1057
987
1345
1218
1297
1325
1161
1342
1231
1294
1311
1190
1222
1236
883
1003
1489
930
1290
1327
1070
1262
1299
1210
1235
1357
1448
1294
1348
1552
1117
1271
1131
1202
1093
1349
1271
1276
1169
1339
1147
1347
1224
1308
1359
1140
1202
1294
1212
1257
1261
1216
1297
1397
1421
1491
1458
1448
1278
1230
1233
1333
1253
1589
1127
1174
1816
1022
1344
1599
1230
1365
1363
1450
1388
1493
1568
1471
1441
1609
1441
1301
1416
1383
1356
1574
1546
1445
1271
1499
1402
1394
1526
1478
1445
1227
1517
1470
1289
1419
1319
1507
1530
1430
1662
1644
1485
1726
1389
1464
1469
1559
1458
1634
1210
1428
1522
936
1260
1453
1032
1199
1105
1250
1214
1316
1373
1297
1345
1450
1109
1204
1224
1205
1042
1325
1333
1151
1290
1294
1057
1314
1396
1365
1159
1088
1320
1280
1096
1122
1186
1177
1425
1313
1334
1459
1384
1478
1418
1221
1341
1406
1210
1383
976
1228
1487
1022
1231
1306
1068
1326
1302
1309
1062
1289
1454
1132
1353
1398
1069
1117
1210
1243
1225
1427
1237
1225
1092
1349
1191
1234
1243
1291
1135
972
1189
1198
1175
1177
1142
1155
1347
1341
1378
1408
1299
1316
1156
1329
1208
1364
1162
1441
1094
1216
1436
810
1002
1200
868
1128
1059
1236
1067
1080
1156
1045
1148
1215
1060
978
1111
1001
953
1146
1212
1086
1022
1097
1123
1033
1097
1096
1035
980
1159
1132
1052
1172
871
1138
1185
1141
1332
1393
1126
1289
1208
1099
1240
1250
1168
1220
948
1087
1535
985
1117
1331
1083
1100
1048
1339
1009
1246
1450
1149
1376
1277
1195
1015
1125
1139
945
1381
1383
1134
1115
1366
1138
1197
1125
1236
1152
982
1173
1252
1023
1149
1035
1166
1343
1349
1462
1564
1354
1288
1325
1285
1391
1478
1335
1296
947
1150
1393
882
1141
1414
1031
1231
1235
1324
1062
1108
1293
1213
1212
1293
1282
1064
1159
1216
1185
1331
1389
1109
1158
1338
1147
1198
1084
1225
1138
936
1239
1214
976
1160
1075
1247
1284
1333
1253
1403
1193
1416
1084
1263
1183
1236
1242
1497
1023
1189
1305
912
1086
1183
1100
1140
1232
1245
1087
1157
1163
1234
1253
1378
925
1159
1076
1107
958
1229
1125
1206
1094
1116
1075
1213
1089
1108
1121
841
1161
1184
968
1045
1228
1025
1120
1192
1180
1188
1088
1291
1232
1116
1025
1293
1122
1372
849
1125
1479
993
1128
1414
1096
1177
1155
1286
1232
1237
1460
1308
1339
1555
1232
1156
1186
1063
1035
1236
1429
1168
1217
1300
1076
1241
1342
1299
1301
989
1288
1295
1150
1241
1213
1170
1442
1382
1491
1453
1279
1338
1354
1311
1356
1337
1288
1444
879
1189
1466
944
1145
1355
1006
1287
1267
1369
1085
1169
1438
1195
1356
1587
1225
1181
1191
1227
1078
1501
1425
1189
1181
1427
1068
1212
1180
1301
1204
1028
1201
1282
1078
1184
1160
1189
1513
1446
1287
1418
1403
1333
1283
1269
1261
1321
1316
1459
1017
1103
1789
1195
1360
1538
1365
1422
1369
1466
1362
1676
1518
1534
1524
1696
1414
1273
1280
1424
1395
1570
1578
1477
1384
1542
1333
1318
1339
1546
1361
1125
1328
1432
1313
1382
1320
1333
1504
1573
1559
1708
1588
1558
1539
1388
1475
1396
1263
1667
1130
1440
1682
1119
1358
1547
1178
1307
1299
1562
1299
1497
1599
1407
1450
1491
1386
1411
1417
1366
1145
1580
1593
1396
1231
1459
1305
1479
1261
1426
1367
1099
1343
1287
1265
1359
1318
1389
1413
1420
1519
1648
1494
1696
1427
1361
1400
1595
1474
1621
1144
1302
1393
891
999
1308
1063
1239
1141
1206
1012
1218
1199
1180
1048
1283
1114
884
1136
1157
1106
1204
1195
1116
1124
1286
1282
1154
1155
1101
1077
858
1064
1197
1018
1057
1009
1091
1131
1215
1230
1220
1237
1287
1177
1124
999
1327
1167
1391
1042
1238
1454
886
1194
1412
1145
1225
1059
1225
1192
1245
1278
1184
1204
1513
1176
1239
1032
1191
999
1265
1349
1324
1248
1195
1092
1226
1148
1290
1227
1011
1226
1205
1153
1161
1110
1124
1415
1315
1478
1457
1432
1521
1338
1238
1265
1326
1212
1362
958
1159
1628
991
1163
1425
1175
1225
1087
1319
1055
1364
1339
1180
1242
1482
1203
1109
1078
1242
1156
1163
1404
1196
1165
1216
1207
1219
1143
1286
1120
938
1336
1238
1082
1100
1149
1260
1319
1316
1454
1400
1237
1418
1228
1272
1185
1366
1245
1328
958
1204
1391
924
1210
1400
1032
1271
1222
1278
1204
1178
1354
1216
1270
1408
1304
1125
1114
1158
1080
1188
1294
1186
1005
1365
1185
1157
1124
1247
1239
1143
1083
1187
1148
1274
1182
1316
1345
1371
1314
1420
1351
1559
1196
1233
1247
1252
1186
1404
960
1221
1502
992
1192
1422
940
1178
1274
1286
1101
1233
1246
1192
1335
1462
1284
1064
1201
1153
1043
1352
1334
1181
1148
1365
1084
1192
1234
1220
1091
979
1131
1246
1094
1179
1109
1204
1442
1169
1422
1434
1311
1428
1252
1194
1274
1275
1161
1335
902
1114
1373
843
1189
1294
1140
1177
1019
1317
1111
1190
1240
1162
1242
1315
1032
1023
1043
1064
1128
1332
1291
1332
1045
1177
1248
1147
1209
1294
1176
847
1227
1217
1161
1078
1245
1025
1237
1330
1479
1366
1150
1340
1009
1098
1144
1343
1347
1383
921
1170
1618
946
1156
1476
939
1268
1281
1276
1247
1446
1309
1351
1242
1514
1386
1064
1236
1264
1271
1399
1411
1165
998
1362
1274
1187
1346
1349
1275
1182
1286
1367
1231
1368
1268
1290
1357
1217
1449
1463
1337
1511
1269
1240
1351
1256
1207
1358
1027
1223
