Size: 10 Time: 0.5 ??????
5.000000  0.000000  0.000000  0.000000  0.000000  0.000000  0.000000  0.000000  0.000000  0.000000  
Size: 50 Time: 0.4 ??????
0.000000  1.000000  1.000000  1.000000  1.000000  0.000000  0.000000  0.000000  0.000000  0.000000  
Size: 100 Time: 2.3 ??????
3.000000  2.000000  2.000000  2.000000  2.000000  3.000000  3.000000  2.000000  2.000000  2.000000  
Size: 500 Time: 350.2 ??????
402.000000  348.000000  348.000000  344.000000  345.000000  337.000000  338.000000  357.000000  341.000000  342.000000  
Size: 600 Time: 609.2 ??????
606.000000  657.000000  603.000000  601.000000  637.000000  594.000000  608.000000  596.000000  594.000000  596.000000  
Size: 700 Time: 934.9 ??????
944.000000  939.000000  940.000000  933.000000  929.000000  944.000000  923.000000  921.000000  934.000000  942.000000  
Size: 800 Time: 1373.6 ??????
1378.000000  1378.000000  1372.000000  1378.000000  1415.000000  1353.000000  1361.000000  1369.000000  1365.000000  1367.000000  
Size: 900 Time: 2564.6 ??????
1977.000000  2003.000000  1982.000000  4905.000000  5002.000000  1940.000000  1967.000000  1945.000000  1957.000000  1968.000000  
Size: 1000 Time: 2693.6 ??????
2701.000000  2673.000000  2680.000000  2733.000000  2677.000000  2678.000000  2688.000000  2686.000000  2713.000000  2707.000000  
