Size: 10 Time: 0 ??????
0.000000  0.000000  0.000000  0.000000  0.000000  0.000000  0.000000  0.000000  0.000000  0.000000  
Size: 50 Time: 2.2 ??????
2.000000  2.000000  2.000000  2.000000  3.000000  3.000000  2.000000  2.000000  2.000000  2.000000  
Size: 100 Time: 21.6 ??????
21.000000  22.000000  21.000000  20.000000  20.000000  21.000000  21.000000  26.000000  22.000000  22.000000  
Size: 500 Time: 2572.8 ??????
2564.000000  2594.000000  2575.000000  2564.000000  2588.000000  2587.000000  2610.000000  2530.000000  2555.000000  2561.000000  
Size: 600 Time: 4543.8 ??????
4473.000000  4511.000000  4492.000000  4524.000000  4568.000000  4579.000000  4590.000000  4549.000000  4575.000000  4577.000000  
Size: 700 Time: 10189.3 ??????
8746.000000  7342.000000  7261.000000  7253.000000  7312.000000  9276.000000  13678.000000  13702.000000  13691.000000  13632.000000  
Size: 800 Time: 13253.2 ??????
14091.000000  17418.000000  20643.000000  11225.000000  10972.000000  11037.000000  10950.000000  10954.000000  11344.000000  13898.000000  
Size: 900 Time: 17226.7 ??????
23608.000000  21294.000000  15505.000000  15892.000000  16050.000000  16006.000000  16010.000000  16010.000000  16022.000000  15870.000000  
Size: 1000 Time: 22152.1 ??????
22337.000000  21948.000000  22099.000000  22280.000000  22258.000000  21994.000000  22050.000000  22095.000000  22241.000000  22219.000000  
